dt=0.05; Tf=2; psi=0.5 :

3	
	0.1445404215	0.09183508932	0.08425176217	
4	
	0.1452630006	0.09242455951	0.05154692927	0.03190354921	
5	
	0.1453842699	0.09251460917	0.0515920484	0.02122581829	0.01062998903
6	
	0.1454066791	0.09252989924	0.05159939401	0.02122871354	0.007362878008
	0.003264486884	
7	
	0.1454109444	0.09253260715	0.05160065104	0.02122919706	0.007363043936
	0.002317501678	0.0009468457626	
8	
	0.1454117656	0.09253309763	0.05160087242	0.02122928047	0.007363072067
	0.002317510508	0.0006837693328	0.0002630691916
9	
	0.1454119247	0.0925331878	0.05160091218	0.02122929519	0.007363076955
	0.002317512023	0.0006837697793	0.0001923945045	7.067431906e-005